Timestamp,altitude,course,horizontalAccuracy,latitude,longitude,rawSpeed
2015-06-16 18:54:09 +0000,-19.634670186351475,297.22256,16.0,37.458365147764745,-122.18449397638042,10.212833
2015-06-16 18:54:10 +0000,-19.35990307639918,299.6034,16.0,37.45839967846732,-122.18459857912751,10.557539
2015-06-16 18:54:11 +0000,-19.383256024623403,299.113,12.0,37.45843533820216,-122.184701488145,10.280973
2015-06-16 18:54:12 +0000,-19.64128670874711,299.16248,12.0,37.45847527965508,-122.18480323810321,9.804206
2015-06-16 18:54:13 +0000,-19.762383217661476,299.792,12.0,37.45851278620862,-122.18489839216338,8.640576
2015-06-16 18:54:14 +0000,-19.710214225308153,302.28876,12.0,37.458538129745655,-122.18496118010611,5.0011597
2015-06-16 18:54:18 +0000,-19.62609816123905,307.01443,8.0,37.4585640828067,-122.18501353154771,1.1611134
2015-06-16 18:54:20 +0000,-19.40063877144915,305.97403,6.0,37.45860814544612,-122.18508766937045,2.0041726
2015-06-16 18:54:22 +0000,-19.179761426589895,296.25653,8.0,37.45863762692295,-122.18514756465277,3.091114
2015-06-16 18:54:27 +0000,-18.883158439653453,309.6263,12.0,37.45868321371552,-122.18520574989181,2.9302144
2015-06-16 18:54:29 +0000,-16.716903232556977,292.1851,12.0,37.458722164834754,-122.18529836098031,5.1200194
2015-06-16 18:54:31 +0000,-15.341626768716292,306.7829,12.0,37.458775789633364,-122.18540682759269,6.7208962
2015-06-16 18:54:32 +0000,-14.655009008990316,302.72168,12.0,37.45881710821187,-122.18547706157099,6.7208962
2015-06-16 18:54:33 +0000,-14.00009477706537,304.73022,16.0,37.458866130533686,-122.18556138945272,8.756711
2015-06-16 18:54:34 +0000,-13.650086841400922,303.51477,16.0,37.45891732201516,-122.18565863625169,9.580425
2015-06-16 18:54:35 +0000,-13.518092078874757,302.71066,12.0,37.458971401988435,-122.18576102620561,10.135351
2015-06-16 18:54:36 +0000,-13.392254528916723,300.0924,12.0,37.45901414601529,-122.18585900449946,9.263847
2015-06-16 18:54:37 +0000,-13.074313300992834,298.49872,12.0,37.45904700134945,-122.18594747347356,7.61781
2015-06-16 18:54:38 +0000,-12.854790662152764,299.90305,12.0,37.459078682701225,-122.18602698317672,7.43367
2015-06-16 18:54:39 +0000,-12.84640844467845,301.37637,12.0,37.459114808509334,-122.18610808906303,8.1542845
2015-06-16 18:54:40 +0000,-12.992504099775662,306.68808,12.0,37.45916058278595,-122.18618557385157,8.890479
2015-06-16 18:54:41 +0000,-12.962386353462598,304.62265,12.0,37.4592042852753,-122.18626895055993,8.572216
2015-06-16 18:54:42 +0000,-12.87331479139502,301.97513,12.0,37.45924729018511,-122.18635851724434,9.000827
2015-06-16 18:54:43 +0000,-12.714114235596462,303.15912,8.0,37.45928938505039,-122.18644229890631,8.012266
2015-06-16 18:54:44 +0000,-12.553732003419212,302.29407,8.0,37.45933204644956,-122.18652476891387,8.103438
2015-06-16 18:54:45 +0000,-12.013992229494582,303.18774,8.0,37.45938097643486,-122.1866213135429,8.103438
2015-06-16 18:54:46 +0000,-11.691154558424387,307.02863,8.0,37.45943542106731,-122.18671777541292,9.73269
2015-06-16 18:54:47 +0000,-11.58963535082745,303.1162,12.0,37.45947063391581,-122.1867965618241,6.840014
2015-06-16 18:54:48 +0000,-11.486880155126451,303.60614,12.0,37.45951297663183,-122.18689541999402,8.287987
2015-06-16 18:54:49 +0000,-11.189301451408005,301.05145,12.0,37.45956607741653,-122.1870088759208,9.204386
2015-06-16 18:54:50 +0000,-11.02128830247663,300.6186,12.0,37.45962252201842,-122.18712009005239,8.638109
2015-06-16 18:54:51 +0000,-11.414453697758812,301.05148,8.0,37.45968418266637,-122.18723953618083,8.638109
2015-06-16 18:54:52 +0000,-12.174388312738081,300.6584,8.0,37.45974574871256,-122.18736105028842,11.387228
2015-06-16 18:54:53 +0000,-12.965470673560645,301.05148,12.0,37.45981145643522,-122.18749229842926,11.387228
2015-06-16 18:54:54 +0000,-13.817097699084632,302.05917,12.0,37.45988602124507,-122.18763005238986,13.85674
2015-06-16 18:54:55 +0000,-14.621025269283678,301.4749,12.0,37.459959134506704,-122.18777061506705,13.503938
2015-06-16 18:54:56 +0000,-14.880621703056029,301.05487,12.0,37.460027584193,-122.1879126577279,12.790163
2015-06-16 18:54:57 +0000,-14.982246750567533,299.60168,12.0,37.46009132282216,-122.18804496053265,12.33132
2015-06-16 18:54:58 +0000,-15.114667332725048,306.89734,12.0,37.460160106451816,-122.18815538969012,11.464652
2015-06-16 18:54:59 +0000,-15.213654346947504,305.61572,12.0,37.460212148091074,-122.1882495900059,9.550144
2015-06-16 18:55:00 +0000,-15.197472216871834,304.17337,12.0,37.46024905223207,-122.18832539788589,6.42804
2015-06-16 18:55:07 +0000,-15.206801652041184,337.55222,12.0,37.46031722738634,-122.1884205812237,3.8163197
2015-06-16 18:55:09 +0000,-14.749379886630527,354.01364,12.0,37.46040723132112,-122.18841603607433,5.369959
2015-06-16 18:55:10 +0000,-14.56066335654021,32.726315,12.0,37.46047540939884,-122.18834623722691,8.760906
2015-06-16 18:55:11 +0000,-14.495159731144074,31.975914,12.0,37.46055162838996,-122.18828095628959,10.08185
2015-06-16 18:55:12 +0000,-14.72593790140844,31.155201,12.0,37.46063488442327,-122.18821639983445,10.931394
2015-06-16 18:55:13 +0000,-15.100356987691685,31.933214,12.0,37.46074144924844,-122.18813426930924,13.584982
2015-06-16 18:55:14 +0000,-15.110273382433146,32.181828,16.0,37.46086340171472,-122.18803272201447,15.925765
2015-06-16 18:55:15 +0000,-14.796753097045181,33.038715,16.0,37.460974117057695,-122.18794199042784,14.502888
2015-06-16 18:55:16 +0000,-14.309456309467791,29.8815,16.0,37.46108281741227,-122.18786244931697,13.631763
2015-06-16 18:55:17 +0000,-13.78057276337815,31.05829,12.0,37.461195610787485,-122.18777421909115,14.416263
2015-06-16 18:55:18 +0000,-13.248963327182624,32.076496,12.0,37.461308108141,-122.18768121185215,14.698735
2015-06-16 18:55:19 +0000,-12.856801114183376,31.469141,12.0,37.4614273693674,-122.1875900197821,15.460338
2015-06-16 18:55:20 +0000,-12.780454725774195,30.551613,12.0,37.46154791765376,-122.18749695833242,15.666814
2015-06-16 18:55:21 +0000,-12.873868164504623,30.548615,8.0,37.46167123054748,-122.18740323679168,15.859213
2015-06-16 18:55:22 +0000,-13.03863352984916,33.57779,8.0,37.461785385222186,-122.18730980848213,14.840545
2015-06-16 18:55:23 +0000,-13.213270452573957,31.904398,8.0,37.461907866661086,-122.18721680688908,15.59417
2015-06-16 18:55:24 +0000,-13.331163597158335,31.242222,8.0,37.46203521756147,-122.18712571945895,15.88255
2015-06-16 18:55:25 +0000,-13.466463254078883,30.85914,8.0,37.462158459459886,-122.18703705277512,15.266072
2015-06-16 18:55:26 +0000,-13.529104200714741,31.353819,8.0,37.462273120103774,-122.18694853584768,14.658119
2015-06-16 18:55:27 +0000,-13.645956172832106,31.432428,8.0,37.462390626546664,-122.18685866328381,14.958236
2015-06-16 18:55:28 +0000,-13.807278727827098,29.727865,8.0,37.46251551243441,-122.18677412146629,15.152402
2015-06-16 18:55:29 +0000,-13.929908117028077,32.51788,8.0,37.46263322997301,-122.18668332134222,14.831756
2015-06-16 18:55:30 +0000,-14.014822865635457,32.348354,8.0,37.462754451000826,-122.18658912204587,14.570061
2015-06-16 18:55:31 +0000,-14.040192896363576,33.192158,8.0,37.46287575409645,-122.18649607285018,14.380286
2015-06-16 18:55:32 +0000,-14.042027479342892,32.796352,8.0,37.46299389056129,-122.18640451761254,14.3864765
2015-06-16 18:55:33 +0000,-14.205665947437584,31.20999,8.0,37.46310813390717,-122.1863206112382,14.507763
2015-06-16 18:55:34 +0000,-14.627279891722669,33.20411,16.0,37.46320863493058,-122.18623545760342,13.715471
2015-06-16 18:55:35 +0000,-15.006716186070005,33.282745,8.0,37.463312441735376,-122.18614777645091,14.250344
2015-06-16 18:55:36 +0000,-15.298928629963763,31.644783,8.0,37.46341779968199,-122.18606711489038,14.174423
2015-06-16 18:55:37 +0000,-15.583211715422774,30.560585,8.0,37.463531917450084,-122.18598320548416,15.446291
2015-06-16 18:55:38 +0000,-15.837752345772317,31.415499,8.0,37.463646639652985,-122.185893872338,15.713076
2015-06-16 18:55:39 +0000,-16.067729933040926,31.111328,8.0,37.46376136587108,-122.18580416700942,15.574076
2015-06-16 18:55:40 +0000,-16.281128080664736,31.276276,8.0,37.46387303271285,-122.1857174962101,14.967762
2015-06-16 18:55:41 +0000,-16.417336038846358,32.545155,8.0,37.46397797129788,-122.18563062419187,14.52667
2015-06-16 18:55:42 +0000,-16.54381397619322,30.806223,8.0,37.464083564864964,-122.18555023177609,14.332829
2015-06-16 18:55:43 +0000,-16.580308322807028,30.55927,8.0,37.464189944584405,-122.18547008926382,14.155144
2015-06-16 18:55:44 +0000,-16.653844301307885,33.468426,8.0,37.464289797127606,-122.18538623305383,13.698621
2015-06-16 18:55:45 +0000,-16.790767945475892,30.370531,8.0,37.46439916658976,-122.18530583954886,14.477031
2015-06-16 18:55:46 +0000,-16.954006792079994,31.295755,8.0,37.46449881860418,-122.18522933758642,13.092042
2015-06-16 18:55:47 +0000,-17.174958204106836,32.45626,8.0,37.464567471157444,-122.18517776755493,7.370316
2015-06-16 18:55:49 +0000,-17.22001672674411,34.99641,12.0,37.464619772777674,-122.18514308795184,1.1834768
2015-06-16 18:56:01 +0000,-16.970031824649997,31.020164,8.0,37.464703477703615,-122.18508658608343,4.0789375
2015-06-16 18:56:02 +0000,-15.85446650018505,31.347498,8.0,37.46475550145435,-122.18505238939498,6.360421
2015-06-16 18:56:04 +0000,-15.099155389002952,32.23668,8.0,37.46483367143067,-122.18499239780276,6.879213
2015-06-16 18:56:05 +0000,-15.571322849126355,34.76221,8.0,37.464882848119196,-122.18494876152013,6.3831654
2015-06-16 18:56:06 +0000,-16.159425008726895,34.817417,8.0,37.46492802565262,-122.18490768992842,6.2325783
2015-06-16 18:56:07 +0000,-16.789158805086036,25.060385,8.0,37.46497735240136,-122.18487666386733,6.241611
2015-06-16 18:56:08 +0000,-17.510149060849148,2.4113915,8.0,37.46502552506147,-122.1848726461949,5.9851885
2015-06-16 18:56:09 +0000,-18.167907614050744,347.86722,8.0,37.46507513242894,-122.1848866467732,6.167887
2015-06-16 18:56:10 +0000,-18.77476195314852,329.1448,6.0,37.46512450669574,-122.18492659488024,7.5908227
2015-06-16 18:56:11 +0000,-19.33561214816657,314.3225,6.0,37.46516896770943,-122.18498697818835,8.557938
2015-06-16 18:56:12 +0000,-19.60860342319765,302.18716,6.0,37.46521188890627,-122.18507556827285,10.348371
2015-06-16 18:56:13 +0000,-19.82107314286187,298.25354,12.0,37.46525491770429,-122.18517820826784,11.604453
2015-06-16 18:56:15 +0000,-20.46651168981631,299.0846,12.0,37.465369589427084,-122.18542772014055,14.146851
2015-06-16 18:56:16 +0000,-20.60696794173969,302.2727,12.0,37.465441179369485,-122.18556255161597,14.516536
2015-06-16 18:56:17 +0000,-20.640987179889287,303.21622,8.0,37.46551452798303,-122.18570012342623,14.61452
2015-06-16 18:56:18 +0000,-20.7162549149264,302.42197,8.0,37.46558536486471,-122.18583360505434,13.91303
2015-06-16 18:56:19 +0000,-20.54770440045371,299.5603,6.0,37.46565130819222,-122.18597568252686,14.148559
2015-06-16 18:56:20 +0000,-20.213090254651185,302.14023,8.0,37.465724298995355,-122.1861215165649,15.216034
2015-06-16 18:56:21 +0000,-19.71686177025015,301.50052,6.0,37.46579863130847,-122.18627223560897,14.710545
2015-06-16 18:56:22 +0000,-19.020988396424634,302.9614,8.0,37.46586781655798,-122.18641339333212,13.734747
2015-06-16 18:56:23 +0000,-18.169547928852186,303.8494,8.0,37.46594315705139,-122.18655869116414,14.413568
2015-06-16 18:56:24 +0000,-17.196035606218977,302.86945,6.0,37.466017998890365,-122.18671006373297,15.027836
2015-06-16 18:56:25 +0000,-16.27070340558931,302.98923,8.0,37.46609179008192,-122.18685947085832,15.331283
2015-06-16 18:56:26 +0000,-15.533001301877833,302.79803,8.0,37.46616213713152,-122.18700336377387,14.271734
2015-06-16 18:56:27 +0000,-14.955842109406582,302.9513,8.0,37.46623137725863,-122.18714484539677,14.164331
2015-06-16 18:56:28 +0000,-14.518221459940284,304.9338,8.0,37.46630499814335,-122.18728012885178,14.7203245
2015-06-16 18:56:29 +0000,-14.0829851923119,306.28165,8.0,37.466381911061205,-122.18741413510195,14.950455
2015-06-16 18:56:30 +0000,-13.967638665259512,306.60593,12.0,37.466442933198856,-122.18751614307621,10.994518
2015-06-16 18:56:32 +0000,-13.919300259920494,306.6179,12.0,37.46647914928092,-122.18757485781968,2.987588
2015-06-16 18:56:34 +0000,-13.77531038633206,303.6569,8.0,37.46653631926448,-122.18768568700075,7.0830092
2015-06-16 18:56:35 +0000,-13.721371981457573,302.83014,8.0,37.46657313979726,-122.18776066471898,7.7777925
2015-06-16 18:56:36 +0000,-13.624764829142103,302.05957,8.0,37.466616494204395,-122.18784879236757,8.42023
2015-06-16 18:56:37 +0000,-13.677337190850459,302.31284,8.0,37.466665815847044,-122.18794955241825,9.635503
2015-06-16 18:56:38 +0000,-13.793054720590987,305.21707,8.0,37.466725090984404,-122.18805694687748,11.325939
2015-06-16 18:56:39 +0000,-14.182808146216002,302.96262,8.0,37.46678499978789,-122.18817855528603,12.380743
2015-06-16 18:56:40 +0000,-14.79920224121234,302.92154,12.0,37.46684900509147,-122.1883052528762,12.7823
2015-06-16 18:56:41 +0000,-15.575799082257321,302.64047,12.0,37.46691567259263,-122.18843320781936,13.412692
2015-06-16 18:56:42 +0000,-16.263384668299988,301.86227,12.0,37.46698515435896,-122.1885659685938,13.524309
2015-06-16 18:56:43 +0000,-16.454709520916268,301.49988,12.0,37.46705191229309,-122.18870083459083,13.265878
2015-06-16 18:56:44 +0000,-16.489156209560797,302.14667,8.0,37.46711722770975,-122.18883047886716,12.750231
2015-06-16 18:56:45 +0000,-16.52702964736426,303.2216,8.0,37.46718352883145,-122.18896203865016,13.3463545
2015-06-16 18:56:46 +0000,-16.49284181715436,302.83682,8.0,37.46724843180797,-122.18909533003722,13.475875
2015-06-16 18:56:47 +0000,-16.826491205008256,304.22552,8.0,37.46731662165857,-122.18922208654143,13.199196
2015-06-16 18:56:48 +0000,-17.011519725778786,303.6058,8.0,37.46738283852602,-122.18934260362465,12.879818
2015-06-16 18:56:49 +0000,-17.03434082931343,302.4428,8.0,37.46744505669537,-122.18946494566178,12.765073
2015-06-16 18:56:50 +0000,-16.91002254003565,302.10736,8.0,37.46751005865696,-122.18959209268773,13.6425905
2015-06-16 18:56:51 +0000,-16.767374301689003,303.59085,8.0,37.467579859941885,-122.1897215309173,14.451409
2015-06-16 18:56:52 +0000,-16.796154342637116,302.89395,6.0,37.467643337690454,-122.18984008121483,13.199599
2015-06-16 18:56:53 +0000,-16.735753296665074,301.8647,6.0,37.46770322627774,-122.18996116885755,13.436869
2015-06-16 18:56:54 +0000,-16.63725314944883,302.8744,6.0,37.46776739328246,-122.19008576215757,13.153511
2015-06-16 18:56:55 +0000,-16.53414538373415,301.66586,6.0,37.46783076950986,-122.19021517241957,12.904603
2015-06-16 18:56:56 +0000,-16.637705799491425,303.32593,6.0,37.467896813808984,-122.19034428879834,12.424518
2015-06-16 18:56:57 +0000,-16.808276647809954,306.1521,6.0,37.467959669637615,-122.1904573166761,11.05122
2015-06-16 18:56:58 +0000,-17.11238386899516,307.49783,6.0,37.468015948764666,-122.1905575807531,9.446528
2015-06-16 18:56:59 +0000,-17.419699308126567,306.2481,6.0,37.46806777472265,-122.19065245274867,9.443261
2015-06-16 18:57:00 +0000,-17.786574283421427,306.237,6.0,37.46811433338477,-122.19073872817448,8.3948345
2015-06-16 18:57:01 +0000,-18.19883038844052,304.30527,6.0,37.46815431809082,-122.19081813313758,7.6240406
2015-06-16 18:57:02 +0000,-18.64852488346056,307.20795,6.0,37.468197770599076,-122.19089506309511,7.70824
2015-06-16 18:57:03 +0000,-19.038062956016123,306.49042,6.0,37.46823298931626,-122.1909637086501,6.463761
2015-06-16 18:57:04 +0000,-19.45534837672447,306.40396,6.0,37.46826310979097,-122.19102305123319,5.787433
2015-06-16 18:57:05 +0000,-19.838618925328184,306.77322,6.0,37.468288611081256,-122.1910726127003,4.90235
2015-06-16 18:57:06 +0000,-20.258821791727186,307.26434,6.0,37.46831919807029,-122.19113014297497,5.3641186
2015-06-16 18:57:07 +0000,-20.6443759803841,306.28357,6.0,37.46835015642778,-122.1911902863015,5.1411886
2015-06-16 18:57:08 +0000,-20.96641362045145,305.3883,8.0,37.46837719670968,-122.19124400490004,4.5288305
2015-06-16 18:57:10 +0000,-21.038962861856835,305.6513,8.0,37.468421144186415,-122.19132577462372,3.4795754
2015-06-16 18:57:12 +0000,-21.127338309048184,304.69226,8.0,37.46844752796874,-122.19138150929341,0.6035045
2015-06-16 18:57:15 +0000,-21.226785396784454,332.47852,8.0,37.468499198981064,-122.19145435452606,3.4741287
2015-06-16 18:57:17 +0000,-21.27214003941881,24.2637,8.0,37.46858016532455,-122.19143847103868,6.4239664
2015-06-16 18:57:18 +0000,-21.324475208016334,24.646313,8.0,37.46864384804559,-122.1914075091414,8.088922
2015-06-16 18:57:19 +0000,-21.421028465467643,22.464756,8.0,37.46871305541786,-122.19137241292191,9.39259
2015-06-16 18:57:20 +0000,-21.634896843467995,23.71862,12.0,37.46879561894482,-122.19132820084081,11.081196
2015-06-16 18:57:21 +0000,-21.598720827459044,24.370495,12.0,37.46890133263891,-122.19126320644433,13.763873
2015-06-16 18:57:22 +0000,-21.503660945350827,26.048662,12.0,37.46901292789168,-122.19118764727658,14.690144
2015-06-16 18:57:23 +0000,-21.333911736550892,24.286379,12.0,37.46913817915592,-122.19111163503447,15.583453
2015-06-16 18:57:24 +0000,-20.95232638058067,25.42311,12.0,37.46926870105661,-122.19103231903136,16.113577
2015-06-16 18:57:25 +0000,-20.85040550582586,25.08979,12.0,37.46939618115559,-122.19095725637474,15.527708
2015-06-16 18:57:26 +0000,-20.812871407095145,23.696053,12.0,37.469521088725905,-122.19088966741847,14.998632
2015-06-16 18:57:27 +0000,-20.957607477065224,24.869705,12.0,37.46965330209994,-122.19081448676202,15.776556
2015-06-16 18:57:28 +0000,-21.21941570503844,24.131065,8.0,37.469767219443895,-122.19075000491378,13.422124
2015-06-16 18:57:29 +0000,-21.317818163174294,21.770983,8.0,37.469895974273705,-122.19068756216438,14.686847
2015-06-16 18:57:30 +0000,-21.326811212668368,24.606312,8.0,37.47001523606913,-122.19062077776701,13.9048195
2015-06-16 18:57:31 +0000,-21.423636424731157,24.373524,12.0,37.47015121642523,-122.19054329453107,16.445124
2015-06-16 18:57:32 +0000,-21.48674784770784,24.319946,12.0,37.47027603543967,-122.190469678725,15.369788
2015-06-16 18:57:33 +0000,-21.379693708769086,24.17556,12.0,37.470400663564945,-122.19039524115387,15.587838
2015-06-16 18:57:34 +0000,-21.189935892834004,23.237152,12.0,37.470525900773374,-122.19032575690385,15.184996
2015-06-16 18:57:35 +0000,-20.95079272887928,26.015411,12.0,37.470635677837635,-122.19025480937125,14.147137
2015-06-16 18:57:36 +0000,-20.38535054551523,25.122475,12.0,37.47074795464059,-122.19018908028981,14.691204
2015-06-16 18:57:37 +0000,-19.712817132668498,26.22893,12.0,37.470855199887865,-122.19012174860434,13.143456
2015-06-16 18:57:38 +0000,-19.413044213780303,26.23935,12.0,37.47096746815449,-122.19004929107888,13.18213
2015-06-16 18:57:39 +0000,-19.44613909771794,26.22275,12.0,37.47107581407947,-122.18998084826539,12.462784
2015-06-16 18:57:40 +0000,-19.56639015477708,25.654543,12.0,37.471192778489296,-122.18990810908056,13.546657
2015-06-16 18:57:41 +0000,-19.66582977306865,23.88603,12.0,37.47133269769286,-122.18983132439634,16.506388
2015-06-16 18:57:42 +0000,-19.9938989641514,25.236393,12.0,37.47145995904038,-122.1897554726696,15.132489
2015-06-16 18:57:43 +0000,-20.2916690567356,24.316084,8.0,37.47158839888361,-122.1896811267638,15.072303
2015-06-16 18:57:44 +0000,-20.657595867412226,24.618876,8.0,37.471724488238635,-122.18960547947579,16.046207
2015-06-16 18:57:45 +0000,-20.88739252132357,24.230423,8.0,37.471861656095626,-122.18953309491239,15.911307
2015-06-16 18:57:46 +0000,-21.159825146462957,23.36556,8.0,37.47200296163903,-122.1894593026614,16.121265
2015-06-16 18:57:47 +0000,-21.224268448832657,24.168673,6.0,37.47214880437865,-122.18938317922645,16.250975
2015-06-16 18:57:48 +0000,-21.265116159129413,24.364468,6.0,37.4722925003752,-122.18930711577234,16.281326
2015-06-16 18:57:49 +0000,-21.38480308778511,24.407604,6.0,37.47242872811077,-122.18923387124497,15.948493
2015-06-16 18:57:50 +0000,-21.5961619318729,23.781994,6.0,37.472565402086865,-122.18916100708364,15.849361
2015-06-16 18:57:51 +0000,-21.934887814971546,26.179085,6.0,37.472691430751276,-122.18908428552064,15.15725
2015-06-16 18:57:52 +0000,-22.293999964301346,25.159227,6.0,37.472824806557476,-122.18900738229952,16.21726
2015-06-16 18:57:53 +0000,-22.620519878116173,25.482311,6.0,37.472952802781144,-122.18893385048402,15.850165
2015-06-16 18:57:54 +0000,-23.039097191005315,25.787651,8.0,37.47308450799256,-122.18885847431545,15.997183
2015-06-16 18:57:55 +0000,-23.179408583717834,27.159689,8.0,37.473216640664695,-122.18877568177324,16.477823
2015-06-16 18:57:56 +0000,-23.202254600555257,26.847605,8.0,37.473351192315434,-122.1886915164164,16.766447
2015-06-16 18:57:57 +0000,-23.167114713643393,26.460619,6.0,37.47348959780788,-122.18860548077423,17.10739
2015-06-16 18:57:58 +0000,-22.786458158624875,26.74592,6.0,37.47363553196211,-122.18851430947971,18.316977
2015-06-16 18:57:59 +0000,-22.462070999066114,26.100334,8.0,37.473773616418384,-122.18843156230149,17.18169
2015-06-16 18:58:00 +0000,-22.15525547671705,24.346003,8.0,37.47391533697349,-122.18835336044063,17.769196
2015-06-16 18:58:01 +0000,-21.96009218336944,24.420303,12.0,37.474054658020265,-122.18827604501283,17.739088
2015-06-16 18:58:02 +0000,-21.789124901804453,24.789337,8.0,37.47419796353566,-122.18819735576932,17.42786
2015-06-16 18:58:03 +0000,-21.787743256132714,25.451149,8.0,37.474344795363734,-122.18810995113996,17.587666
2015-06-16 18:58:04 +0000,-21.963093289835243,25.073559,12.0,37.47449405506806,-122.1880202509995,17.789835
2015-06-16 18:58:05 +0000,-21.946060216543714,24.175436,8.0,37.47464457887125,-122.18794252439402,17.581385
2015-06-16 18:58:06 +0000,-21.76387530829251,22.887754,8.0,37.47479497516629,-122.1878722632395,17.211523
2015-06-16 18:58:07 +0000,-21.704152267675905,23.676657,8.0,37.474944760185195,-122.18779337011614,17.644768
2015-06-16 18:58:08 +0000,-21.649529075928452,25.492723,8.0,37.475097889040356,-122.18770537137722,18.174694
2015-06-16 18:58:09 +0000,-21.520369650738346,26.199165,8.0,37.475246867177475,-122.18761909002087,17.569235
2015-06-16 18:58:10 +0000,-21.554741713686997,25.605639,8.0,37.47539387010211,-122.18753232227334,17.732437
2015-06-16 18:58:11 +0000,-21.748075458848287,26.658993,8.0,37.47553529340198,-122.1874468097218,17.198229
2015-06-16 18:58:12 +0000,-21.864897177042668,25.902403,12.0,37.475672348698446,-122.18735876511646,16.568382
2015-06-16 18:58:13 +0000,-22.038524454630227,25.659012,8.0,37.47580259597481,-122.18728042968155,15.428064
2015-06-16 18:58:14 +0000,-22.136405033694675,24.399494,8.0,37.47593376795378,-122.18720670557735,15.404953
2015-06-16 18:58:15 +0000,-22.126818066416075,24.708529,8.0,37.47604978203191,-122.18714108581239,13.86549
2015-06-16 18:58:16 +0000,-22.049151031839514,26.837809,12.0,37.476119763416946,-122.18709680441756,7.9947257
2015-06-16 18:58:20 +0000,-22.112192971726316,26.378504,12.0,37.47617094872526,-122.18706339726855,2.8515112
2015-06-16 18:58:22 +0000,-23.031502747953837,21.73909,12.0,37.47628116198085,-122.18700316117312,8.583307
2015-06-16 18:58:23 +0000,-23.35871327249681,26.447521,12.0,37.47634415780148,-122.18696264210816,8.336918
2015-06-16 18:58:24 +0000,-23.59469885613922,25.245115,12.0,37.47642191489916,-122.18691606845236,10.33013
2015-06-16 18:58:25 +0000,-23.863737068644724,25.362871,12.0,37.47650555800408,-122.186863970046,10.682692
2015-06-16 18:58:26 +0000,-24.046443072416185,25.235798,12.0,37.47657676248463,-122.18681913659061,8.926697
2015-06-16 18:58:27 +0000,-23.980095464388963,28.141054,8.0,37.47665321428479,-122.1867635175337,9.385627
2015-06-16 18:58:28 +0000,-23.803197898900898,26.638231,8.0,37.47674366511191,-122.18670399305417,10.788609
2015-06-16 18:58:29 +0000,-23.575708452247166,25.418184,8.0,37.47684943398231,-122.18664034611675,12.848998
2015-06-16 18:58:30 +0000,-23.276992554767858,25.221535,8.0,37.476964961785576,-122.18657059432313,14.246438
2015-06-16 18:58:31 +0000,-23.011368699080826,24.746939,8.0,37.47707998679184,-122.18650135300553,14.434484
2015-06-16 18:58:32 +0000,-22.901444960644227,24.721468,8.0,37.47719590246665,-122.18643232023656,14.666062
2015-06-16 18:58:33 +0000,-22.93724989710484,26.715176,8.0,37.47731314683798,-122.1863587730151,14.690719
2015-06-16 18:58:34 +0000,-22.996133302138734,24.971132,8.0,37.477430968049205,-122.18629086638236,14.349794
2015-06-16 18:58:35 +0000,-23.050849472578502,25.465927,6.0,37.477550674177365,-122.18622130053548,14.684703
2015-06-16 18:58:36 +0000,-23.053643214693288,26.520323,8.0,37.47766438570618,-122.18615118909766,13.927957
2015-06-16 18:58:37 +0000,-23.0684237386595,27.53928,8.0,37.47776789104699,-122.18608798634594,12.516823
2015-06-16 18:58:38 +0000,-23.24993404567468,30.059013,8.0,37.477856250106754,-122.18602604504919,9.22182
2015-06-16 18:58:39 +0000,-23.32418575280143,28.89393,8.0,37.47793706875085,-122.18597225203047,8.940338
2015-06-16 18:58:40 +0000,-23.538200146086293,29.298328,8.0,37.47801980504603,-122.18591525734944,9.171066
2015-06-16 18:58:41 +0000,-23.552264870494522,30.297424,8.0,37.47810592507732,-122.1858520916498,9.957291
2015-06-16 18:58:42 +0000,-22.955420597067988,30.516134,8.0,37.478191903091336,-122.18578896487386,11.237507
2015-06-16 18:58:43 +0000,-22.36751639525512,27.010197,8.0,37.478286870634264,-122.18572973890417,12.314005
2015-06-16 18:58:44 +0000,-21.853234829113767,25.939068,6.0,37.47837732233928,-122.18567479887591,11.370751
2015-06-16 18:58:45 +0000,-21.47110888054202,24.221916,8.0,37.4784649421493,-122.18562873942531,10.241374
2015-06-16 18:58:46 +0000,-21.06105262521753,24.545298,6.0,37.47854540779352,-122.18558702428872,9.118052
2015-06-16 18:58:47 +0000,-20.738022591097895,33.41377,6.0,37.47860631648417,-122.18554218960139,7.235619
2015-06-16 18:58:48 +0000,-20.533982149455543,49.18228,6.0,37.47865058849485,-122.1854907045483,5.704694
2015-06-16 18:58:49 +0000,-20.64206243665036,70.96801,6.0,37.47867175215994,-122.18543435214657,5.4087653
2015-06-16 18:58:51 +0000,-21.20689758263017,112.89895,8.0,37.478645458080145,-122.18533843842769,6.1781635
2015-06-16 18:58:52 +0000,-21.702429222419457,117.17157,8.0,37.47861908285116,-122.18526911879972,6.6371074
2015-06-16 18:58:53 +0000,-22.248612452137465,115.55231,8.0,37.478591083771725,-122.18519430854441,8.282345
2015-06-16 18:58:54 +0000,-22.746172280316785,115.201195,8.0,37.47855621642862,-122.18510030436987,9.669962
2015-06-16 18:58:55 +0000,-23.133511481618715,115.51489,8.0,37.47851612951645,-122.18499329346413,10.861126
2015-06-16 18:58:56 +0000,-23.30078805853845,113.75248,8.0,37.47847656012797,-122.18488134580582,10.999652
2015-06-16 18:58:57 +0000,-23.310849005192164,112.63503,8.0,37.47843893231053,-122.18476623588444,10.886542
2015-06-16 18:58:58 +0000,-23.21010996188305,110.44131,6.0,37.47840856243319,-122.18466335403653,10.974836
2015-06-16 18:58:59 +0000,-23.00506254116522,106.07788,8.0,37.478380842852665,-122.18455058439176,11.263302
2015-06-16 18:59:00 +0000,-22.830204447425615,97.56073,6.0,37.47836357981798,-122.18441894392255,11.546757
2015-06-16 18:59:01 +0000,-22.878140804521806,89.671715,6.0,37.47836030407738,-122.18427721202345,11.840802
2015-06-16 18:59:02 +0000,-22.89704301918179,85.17362,6.0,37.4783659561162,-122.18412477699883,13.0307255
2015-06-16 18:59:03 +0000,-22.88467862162623,86.04022,6.0,37.4783727813707,-122.18397060532688,14.027397
2015-06-16 18:59:04 +0000,-22.906018874129728,86.179504,8.0,37.478379457809716,-122.18381218485509,14.289473
2015-06-16 18:59:05 +0000,-22.972145730654276,86.45327,6.0,37.4783878022365,-122.18364658231052,14.479443
2015-06-16 18:59:06 +0000,-22.999112638473985,84.52393,6.0,37.47840087327591,-122.1834784898728,14.590584
2015-06-16 18:59:07 +0000,-23.011713021290937,85.47983,6.0,37.4784143529191,-122.18330660554923,14.962656
2015-06-16 18:59:08 +0000,-23.08840476741801,85.3341,6.0,37.478429095449954,-122.18313025556103,14.953751
2015-06-16 18:59:09 +0000,-23.22351271752784,84.06877,4.0,37.47844377481886,-122.18295744733823,14.878634
2015-06-16 18:59:10 +0000,-23.216124700348416,84.85388,4.0,37.478457036180835,-122.18279325383654,14.865031
2015-06-16 18:59:11 +0000,-23.15881974130084,84.521286,4.0,37.47847089050399,-122.18262683677355,14.84806
2015-06-16 18:59:12 +0000,-23.165576776235543,85.51929,4.0,37.47848294573212,-122.18246073297536,14.520828
2015-06-16 18:59:13 +0000,-23.296086821842163,87.671265,4.0,37.478490466804516,-122.18229663115166,14.314185
2015-06-16 18:59:14 +0000,-23.53368192982361,83.44795,8.0,37.47850718614236,-122.18213817411987,12.711823
2015-06-16 18:59:15 +0000,-23.802438791471143,83.959206,4.0,37.47852245639083,-122.18198956605626,12.693103
2015-06-16 18:59:16 +0000,-24.13253128379727,85.09766,4.0,37.478534299267935,-122.18184485460316,12.709235
2015-06-16 18:59:17 +0000,-24.395379806655935,87.62464,6.0,37.47854184012788,-122.18170243391684,12.9651
2015-06-16 18:59:18 +0000,-24.428545231886687,84.78457,6.0,37.47855690745455,-122.18155247972378,13.430403
2015-06-16 18:59:19 +0000,-24.371331951227045,85.72982,6.0,37.47856917427813,-122.1814058550786,12.466152
2015-06-16 18:59:20 +0000,-24.241582429588664,86.26601,6.0,37.47858101809182,-122.18126702174793,11.322108
2015-06-16 18:59:21 +0000,-24.069622777620708,85.334885,12.0,37.478588024074575,-122.1811403411609,11.852702
2015-06-16 18:59:22 +0000,-24.044795506656904,86.32835,6.0,37.478595896368596,-122.18099908888837,12.664737
2015-06-16 18:59:23 +0000,-24.07017454170971,86.28413,6.0,37.478603487909076,-122.18085836325395,12.58913
2015-06-16 18:59:24 +0000,-24.174017121185113,87.36487,6.0,37.478609652227966,-122.18071529866373,12.394931
2015-06-16 18:59:25 +0000,-24.29773549419136,84.114685,6.0,37.478624096433386,-122.18056814012273,12.662559
2015-06-16 18:59:26 +0000,-24.493100293388828,85.97453,6.0,37.478633586986305,-122.1804248803018,12.510228
2015-06-16 18:59:27 +0000,-24.690050666926357,84.699875,6.0,37.478644844955305,-122.18028222929047,12.801615
2015-06-16 18:59:28 +0000,-24.83283215659729,84.62899,6.0,37.47865608390022,-122.18014029608206,12.604328
2015-06-16 18:59:29 +0000,-24.97583432009686,85.15743,6.0,37.478667768074104,-122.17999733477977,12.093442
2015-06-16 18:59:30 +0000,-25.10777849724993,85.1882,4.0,37.47867927733079,-122.17986005744734,11.736601
2015-06-16 18:59:31 +0000,-25.173894502065558,86.46777,4.0,37.478686408354825,-122.17973011608656,11.351814
2015-06-16 18:59:32 +0000,-25.206017260266524,84.641045,4.0,37.478695955317136,-122.17960326344885,11.054689
2015-06-16 18:59:33 +0000,-25.281281389480355,84.09018,4.0,37.47870640431603,-122.1794775296654,10.413206
2015-06-16 18:59:34 +0000,-25.34058122002391,81.59707,4.0,37.47871949769618,-122.1793672285182,9.218798
2015-06-16 18:59:35 +0000,-25.42333017137506,75.347496,4.0,37.47873924903187,-122.17926980435597,7.730919
2015-06-16 18:59:36 +0000,-25.335070047709205,65.02175,8.0,37.47876427266697,-122.17919735605385,6.5457664
2015-06-16 18:59:37 +0000,-25.126002235754566,51.199593,8.0,37.47879366405438,-122.17914730196834,4.9039063
2015-06-16 18:59:40 +0000,-25.026896711209446,89.79882,6.0,37.47880206793395,-122.17906719225748,2.8131866
2015-06-16 18:59:42 +0000,-24.9357318203026,80.31199,4.0,37.4788015740755,-122.1789842394772,3.6673317
2015-06-16 18:59:44 +0000,-23.938745888308677,42.76384,4.0,37.47883771173768,-122.17892357124168,4.312621
2015-06-16 18:59:45 +0000,-22.931997424438343,29.450922,4.0,37.47887701101218,-122.17889558541894,5.738244
2015-06-16 18:59:46 +0000,-22.295442305851857,18.675186,6.0,37.47893864255961,-122.17886866444523,7.7555594
2015-06-16 18:59:47 +0000,-22.224648760637415,21.040844,6.0,37.4790021966917,-122.17883529070241,7.659992
2015-06-16 18:59:48 +0000,-22.4112924468844,24.664127,8.0,37.479081882041505,-122.17878792760162,10.439905
2015-06-16 18:59:49 +0000,-22.44736680352469,24.618832,6.0,37.47916275266867,-122.17873838806288,10.408663
2015-06-16 19:00:08 +0000,-22.524065776966626,15.772466,8.0,37.479236658318634,-122.17870474337819,2.2515662
2015-06-16 19:00:09 +0000,-22.53665548062283,22.753668,8.0,37.47929513195107,-122.1786771196,3.4894838
2015-06-16 19:00:11 +0000,-22.522593305595638,24.422543,8.0,37.47934850394181,-122.17864301530787,3.0479603
2015-06-16 19:00:14 +0000,-22.433979059186886,20.589924,8.0,37.47940575082923,-122.17860923843644,2.8634694
2015-06-16 19:00:16 +0000,-22.31353631024713,23.090437,6.0,37.479456530269594,-122.17857882799052,3.8020422
2015-06-16 19:00:18 +0000,-21.636588103939992,23.734512,6.0,37.47953345073438,-122.17853791888004,4.1019454
2015-06-16 19:00:20 +0000,-21.496218866164615,19.62809,8.0,37.47959785473263,-122.17850719236613,3.4181445
2015-06-16 19:00:22 +0000,-20.47105953857392,20.257977,8.0,37.47966705606052,-122.17846981523535,5.061217
2015-06-16 19:00:24 +0000,-19.841445947160807,23.512436,6.0,37.47974265691546,-122.17842673291925,5.025214
2015-06-16 19:00:26 +0000,-19.300162411840056,40.050453,8.0,37.47979923488794,-122.17837636357844,3.184316
2015-06-16 19:00:28 +0000,-19.237464834478985,37.085777,8.0,37.479844410313596,-122.17833276866811,2.6650078
2015-06-16 19:00:30 +0000,-18.82211814685624,36.826736,6.0,37.47989596126027,-122.1782829189237,4.378484
2015-06-16 19:00:32 +0000,-18.450765530131267,36.03785,6.0,37.479965650764356,-122.17821739541259,4.541815
2015-06-16 19:00:33 +0000,-18.40405199259564,34.812454,4.0,37.48000297636196,-122.17818414008951,4.4608545
2015-06-16 19:00:34 +0000,-18.501615463618815,35.51364,4.0,37.4800404394151,-122.17815082040268,4.5077953
2015-06-16 19:00:36 +0000,-18.559989127132923,43.347862,4.0,37.480099985971435,-122.17808921457977,3.4421697
2015-06-16 19:00:38 +0000,-18.622525199884404,38.2046,4.0,37.480138862043674,-122.17804909471423,1.9452853
2015-06-16 19:00:41 +0000,-18.74660489818029,3.2222242,4.0,37.48018988094187,-122.1780284337696,1.7324119
2015-06-16 19:00:49 +0000,-19.14781851378588,316.22034,4.0,37.48022749867835,-122.17807381914757,1.160447
